version https://git-lfs.github.com/spec/v1
oid sha256:ed392ba7e2d1428e6f5a0637fec774f02a60a7f3d456f5dc2baa6260364f1373
size 2102
